Id,SalePrice
2658,144755.7285410436
2718,165322.87300125652
2414,210235.90087145756
1989,120703.8134197852
625,155994.99572447833
333,112252.88211732348
1327,123419.15460617766
858,146510.83320560516
95,179259.75722571596
1568,169851.52120093844
2482,144639.76031071562
1364,141303.7102803858
2584,137353.16450614887
818,256075.12868633668
2673,185088.76286736218
2089,179369.4606091493
1297,145269.59188437244
790,132594.48957292733
2616,187453.39608192525
720,225818.19510139228
222,148429.10610153084
557,122775.01890727523
1148,190842.99258250016
2766,182971.44038075683
534,197109.55727602274
1452,140268.97452313238
630,153895.4074339018
2648,126270.63710225826
125,111405.25099747315
1904,78588.80151868619
1670,147987.31068509948
756,104543.95173314131
717,225066.7377862386
1032,149247.23617414516
852,264220.31149534235
1731,179017.7377242794
2639,127043.05556131466
2071,97456.57244801117
1267,147434.1589495843
1851,175038.1863799394
567,183084.63310681193
2439,266977.7769218271
1898,149844.6354719129
647,151034.32363124925
2256,208759.6397257456
979,139780.6731446551
1444,215731.96287773945
2485,117172.62003690969
157,128208.52536782296
88,119539.15813654702
2003,130620.84945964423
186,215473.7318171446
1425,254926.1772972728
2695,108245.06201704894
738,104879.20246980186
395,131140.20390859945
1353,158875.1665739405
1878,144733.3848121637
390,142141.4920651477
1456,208630.40996219576
1103,286434.1033142984
1387,123894.85600809047
2070,196121.15422527934
1199,155140.6534660999
2479,174636.41976736832
501,246781.88128871922
2362,99169.0818901773
1718,166716.05853275294
2188,113100.15274159299
1483,179832.069997327
2557,116761.19624530824
437,396498.0967910685
2224,195974.53293484892
1628,176548.69324507113
397,130181.85197663629
587,173064.58961333786
2182,374220.2279747335
971,164553.55432920568
2611,152283.34492175918
1887,99827.19923799827
2399,251061.44728186083
2148,272676.58969544515
304,126101.35086953078
1997,139998.56417925746
2817,131402.80824459993
1431,205296.18624791046
427,288634.17307014787
263,117727.97911714527
598,182349.2457141056
2895,231470.43317587633
687,174045.82638561807
1822,148357.38532194812
2191,122828.79253158181
179,125672.28277010474
1009,192773.37626301564
2010,139790.6838193916
1991,157730.24108782827
1411,152430.62965177596
1721,265173.1090889576
1144,204643.6251385622
593,254696.61087039253
575,218464.3166667597
1249,228008.04417436753
1604,118547.3773616625
1064,354384.03668272373
1923,168319.75272893623
1988,127699.25198964502
2325,155807.05828590033
114,234408.70834998833
2700,157753.2891082408
217,145326.02273801554
343,150289.46856154958
386,229510.4660932519
2005,144435.14149561274
2908,133935.19753199792
1814,216417.1809444852
2446,418999.0389069834
208,194033.31052384034
1679,140568.9387538607
822,284612.95673562196
6,170756.2307368139
1781,277564.8706277654
2397,261969.3526789128
2340,218533.69691749988
1618,161809.49298715594
2843,140174.53523605372
1061,293016.2419892688
2786,109228.12003016389
1935,138109.17003934737
1341,119826.10467714256
521,216828.39115200416
2136,127098.42860764598
996,175130.39983611833
227,189691.76657754695
135,145229.60302070394
1167,154128.4866730544
294,185511.33599662333
1776,195268.08839904465
540,215757.95342155427
1717,145975.15280030694
2303,129778.78977270106
116,174355.21539599748
127,134817.0482641538
1371,135396.0443731005
1014,237066.3979935698
1507,134253.79902277252
702,135541.9489359315
750,152121.5288219485
261,148713.64215522303
1559,88937.08284542742
577,187412.70217121803
2812,219398.81701725782
2080,157720.4761539765
1368,144640.90806709867
2376,122046.16548152891
659,146374.6825401992
1235,118549.67344340637
332,115697.00250474055
1917,143833.5369835456
2094,220021.04616492288
1460,260719.7209229172
1471,193389.69465408695
1509,112642.05233009825
1922,138836.16679438326
433,328868.0549530322
460,185913.57186252903
1116,192200.66613446688
1137,170894.86399391462
53,172373.31279472593
2354,251532.2354178258
1475,170127.0502490399
1761,364853.49595771567
842,164558.39542658257
2739,157777.84730743087
2509,193025.09016480038
1007,216886.77430492273
2610,171536.29970696094
1952,91873.37006526405
2719,193025.32336779314
2921,87833.41190939474
1966,129574.84560423762
292,156152.061819939
1204,198353.9452165489
1829,219786.15419468476
2419,197439.90229649763
391,156443.96032373534
798,136836.8468880019
481,224330.486639563
193,200525.71315776682
555,132224.8371960948
899,117852.9431298442
2357,166379.34969728545
328,164022.7740308578
1356,124838.39817395335
1154,135431.19272401562
1730,238596.43927901314
2249,154885.42577100577
1119,236361.32492835316
2856,156099.6940152151
1394,169741.00488713407
2587,121906.27857033534
61,343494.2995122394
2661,189563.46164008358
2711,125312.7896938315
1147,167546.0987863059
757,134225.0623499266
2623,126273.76029049438
2378,142710.36058288254
1413,164074.44716821885
1722,206500.10513561853
1112,220790.53602144474
1623,180955.14546567883
1201,177486.78529270968
1513,127833.19216959139
957,253700.01874726455
1171,232694.43127465402
1145,190287.54313502536
2726,194495.5776408504
703,186039.52426577642
760,86147.57654224294
1964,128497.17656364589
2512,175093.4097594161
159,116323.90771081483
1281,181044.2804975547
468,175928.37747430967
290,145339.98548016106
665,124018.3235705856
1463,279970.5985063597
1792,220769.64576035558
923,148680.47961617922
500,324039.22499089024
1408,233429.16878251976
331,102773.35036896256
170,165641.88242728353
2192,131293.1263011448
2571,254189.95664242425
2314,219316.5212539547
2647,115546.4601463057
422,344594.6426460357
2457,293675.194787444
1838,189581.87602928138
2805,265036.3845443941
1645,162967.04869640127
1711,291645.7738843508
2825,249337.79785700355
322,311872.772131969
2103,233641.49620251398
342,139708.6851607549
600,120041.31443342906
488,180204.7387727489
1725,293263.02343769255
2246,245375.99841863135
2847,150803.80848038403
806,292787.2161772822
530,247050.20400425507
963,167196.05137790108
2678,68389.24214063182
171,132131.31494356642
2401,342765.638800849
805,209847.83610248836
2259,196669.77808334245
1748,175563.8153294479
1361,143660.42981282354
1677,134164.26059541415
1406,125787.96594930092
2322,272192.8765413176
688,158531.3866419428
143,142558.71273290494
804,220219.0093281771
1214,128691.55363634706
2828,177686.15874702946
1999,182573.86879668137
2467,187204.9693559179
2665,149927.06186901007
1538,348523.1552894031
398,119456.60790678773
2822,133049.2123766123
2157,162903.8512818088
1856,143481.96530384207
1269,116629.94474762812
2570,133723.1387408992
2320,312298.24142614874
1517,140358.83413628463
2304,144951.62711629234
1312,114621.83640434676
2012,150942.58821524374
506,301084.07516779413
2865,212480.17764004096
2367,114788.95975894145
554,135612.31622896585
238,128418.19058290025
1954,108726.59230828115
2488,139285.02332375216
2291,116844.12452624741
1969,126801.69916734895
2725,186399.92354414548
1482,154434.45798158564
2763,181427.56230480594
503,228896.84208874218
1584,194760.141016998
1531,168619.4642731444
2210,152933.1706240745
459,249661.02225095205
556,103866.759175026
1347,165224.4752339413
1290,114894.16384507243
1388,111374.96601534968
1571,194972.42320102232
2754,179441.40740449296
765,152258.19311042145
2494,145648.3256219535
2870,186512.08755047122
7,168095.11954221307
1114,231363.05160420295
2418,264567.00268988166
291,138156.7740427509
18,328514.5428151457
39,295005.71313473594
1001,230206.43189675885
2442,257171.62633948275
616,140175.9727803139
2680,101712.21149454586
1414,119001.93008380948
289,140979.55181723036
40,223000.97249115614
860,120970.23350813537
409,135352.6316114618
673,132406.55797760925
2427,231302.58174680226
2036,211571.59197111786
2564,148748.90767847485
642,138025.142740658
1008,223091.3646907027
1908,141871.10701479632
2519,160835.0745672118
1369,125001.04016159309
2855,159395.13323233096
712,125883.51569001157
1943,148952.19330492802
1958,142023.57286394425
107,150316.50703073925
2295,171132.14462194743
704,108634.53997195937
676,130548.01430124731
259,161880.00303968112
93,263674.47848604195
106,253595.64946851984
2315,203790.11853994287
1050,110607.56361400487
1095,192922.94317375647
2709,131330.30004140508
758,145394.22778894418
1496,147417.9319206696
2370,119739.7954939502
2458,219002.39279484382
2733,142360.35325580547
161,226420.34524537218
726,133932.42137756833
845,169212.33183502717
947,325757.38722195214
2232,142866.91780571878
2563,179083.50620879058
2299,127666.45436942879
211,114977.545014006
605,175334.66849310897
1478,211677.24936106682
2247,228604.25504987306
2274,171862.76811781642
2869,168497.50520826998
967,223239.84609856855
2656,144064.01575734155
667,161797.07254780506
1042,122730.66584188017
2023,164005.36925127366
2447,274964.82940131583
2055,136338.65327923096
2275,280138.44314917864
2204,163816.77266375444
1563,275127.79654253914
483,164874.2071239211
796,144346.42365641886
1526,150402.94695096114
2042,157383.10472698856
442,256601.68614477228
1693,321809.3121240173
1468,223864.25048513932
1430,160882.44878757728
2605,206205.03658724466
1529,207646.36740675304
335,161407.67817815644
1287,120331.6969360098
31,118347.77051685085
1785,227333.88485994854
82,162904.6849326223
2620,117411.08654345125
252,173551.04285444782
721,95698.57808859111
2165,168715.74477735194
2316,216889.13324188668
775,139545.87448481392
1558,115279.79368176816
17,217241.61749141023
1022,196776.76358574134
925,153063.30184878747
438,310964.58255380625
1270,156105.45363432154
1272,97363.57347641392
215,123594.35762676454
266,197484.94326242903
2402,225133.59081056534
1250,100311.2595871801
1984,137389.04192365176
1279,138437.55099166647
377,208683.46039973877
1252,201132.37170959995
2156,258861.14361166407
499,283410.91958490806
1374,142378.030893481
2898,243202.1686317504
401,103546.1158174276
2721,179097.77670601037
2078,259202.98204332346
2589,138109.62853843565
1946,205146.9474528451
1334,133220.41052526215
2781,195441.0453248869
431,261890.1774549014
576,192341.54837146294
1474,210634.38565267556
2254,159166.8422065099
2155,220750.55917540338
885,146545.43905358406
643,108947.37399570203
1944,125881.10314316014
480,197453.82621435597
2845,121415.43058681294
2387,296601.9445786305
2407,157211.7835473826
2527,176331.70232999756
2514,158903.69048588557
629,193412.24913081818
80,222854.01818188425
1876,137853.55664439138
1546,135435.6130729972
2518,159166.38519656652
2347,145324.3826236509
783,194963.50160918414
1322,97020.87658445945
194,100841.13234552131
1770,241346.46524096405
2143,130763.65895675815
1229,224579.41434768125
511,212707.796545281
46,194142.79681370567
1348,176803.70210867742
2465,168059.68781915936
387,243781.3155546355
873,161004.24709579925
1918,140099.87269897197
2764,243653.59228647765
2184,117687.60540526753
934,156149.3707312451
1920,115479.7155058117
2631,175283.06157998467
1768,425163.15366025205
2040,147019.12227858408
1749,226426.06503593185
834,203991.76022491857
1457,235058.37698612976
79,162541.93649807727
2302,131608.04025855366
1817,145207.24769293398
2755,188517.3801217485
359,224447.93017958995
2059,112912.17482117271
2092,298427.74424140976
2516,195993.9929439257
150,122266.29413884904
1656,150342.66145173085
83,112711.36765971729
2411,263018.42073268635
795,120241.19530862801
2312,229511.72605859023
2917,126552.59320911768
1624,181818.85343702044
2215,261967.4601074191
1211,131289.85335057433
1485,148938.99230146725
1024,191600.17202781615
570,257099.7363984434
2874,125644.83180019398
700,136219.56601407402
2756,266754.5318520396
2022,143276.63465241634
583,217773.0512074658
2392,276918.928686374
2424,175689.8117725335
212,102665.472638403
736,154783.58274950366
1610,158653.44123594975
890,131779.2520395819
467,159853.8601022052
578,234808.01816279127
1747,182867.60460950516
1149,189854.32473641125
2758,208352.2101241288
857,154052.64590293993
2219,267486.2991565649
733,123992.8683866994
2909,171904.30964303607
1798,248572.12482203255
235,183483.5053791291
2366,154518.27371626985
1027,126965.57567223556
1195,110002.81055831631
1303,99710.87795509219
148,200052.80904068786
608,162335.98494878173
2515,182118.77694599685
821,238134.97137377106
2500,276109.0966437684
745,108357.86999278024
741,137888.4397187497
1611,132201.39377120038
2532,139800.50358329757
1081,195362.94495289435
1692,454163.19612098264
2520,153007.32249566895
276,162544.21998217623
1992,162714.44687682996
663,86372.59660889309
418,150045.95540637634
1733,228945.56380027896
2359,140601.47555454634
253,218654.60690368092
1518,171743.01634649924
2035,153404.53133298396
2919,109416.86599547969
1540,225780.92166263997
2120,131676.69276822114
1674,173601.9820417091
256,147675.97754928764
2361,93897.89688256559
978,112509.75372282688
2280,143563.50549961472
2095,234554.7086069544
1709,282346.59409311577
2801,218099.0575291189
1246,101444.68211487182
2373,133691.3204328995
1055,206144.8518760502
2017,104804.96100340188
1099,277278.9004003868
1344,126579.99249065226
835,155064.5573285494
1117,171641.0901989602
2043,142802.25733908213
2085,141449.11050883992
410,153908.93877629575
2650,130358.6048820173
2867,178069.1436431661
1668,117552.72779350518
1161,160141.93739756715
2122,180374.35384477983
2539,141315.6411331591
1047,141616.37162404082
1445,130363.91230011119
541,173955.48952882463
569,206401.3709989491
1276,108577.16299754228
918,160980.24633260927
326,172065.26549997838
1936,138482.66662755163
895,107730.11615763152
257,154769.3872414021
1241,199021.98455276524
1545,136193.76437752837
1189,154844.64623507153
270,178303.68629569391
2066,227513.05735198263
693,93735.0111093012
1259,119687.49159174315
2916,171808.37486340603
2321,278348.1560860059
1977,125229.09369336894
1895,157914.10716149467
1240,163690.54613863354
85,134279.4158850384
1823,110619.60609837771
825,285449.83412906306
110,197741.20146291293
697,156286.0592183502
2297,131874.6498708087
1231,138536.60131301841
1355,161758.22125995628
968,267212.40511768695
584,242224.02652742187
1315,149742.8050577305
1606,148182.6266666135
206,117073.70619446332
1685,285856.6720083507
2016,146388.35233365322
869,218450.67591397912
2135,131437.9738067522
2346,194163.49529597434
2430,200977.4326979583
2198,123964.41923733133
2652,135886.3037255304
27,125667.30717236306
241,205784.19871257982
906,152598.86534697982
1506,127476.47883770385
2098,295418.6226617131
1435,218100.10059608018
2213,147764.67425868806
1274,145790.01666491944
743,92492.38935167431
1737,175178.97242803697
2797,269026.65813873336
2185,107491.91086324143
58,246130.91160359117
830,236277.8960945881
808,165475.60396677622
680,190119.77244416054
1153,100763.367096463
1291,151154.24711183194
1818,185503.54495495406
2161,172301.0166553314
1883,125451.17959670928
350,282806.51715152716
2473,184566.82140568743
295,165728.69947752773
293,234784.22528532794
859,134189.4422741971
288,79145.99762873148
1578,141290.96402907002
102,167423.74176000126
2831,209881.18778628507
1030,165714.5939308664
2551,140111.99352364938
1286,161474.73209848118
958,256755.79902571597
776,109035.4407243661
72,170925.00047453534
2263,205868.6135089833
1866,139850.20916870591
2876,109121.71679274992
2146,265672.5765114234
103,174397.13876985086
1500,142130.2749801603
492,194503.67855492278
167,148353.45968998494
2597,114298.29967531883
2685,105109.06105757871
1035,142374.3288106499
1220,85412.73081158147
2602,148436.28991988767
2159,217301.24919281036
695,141508.00443774054
1109,245782.24727469392
640,153937.8340749175
1652,170366.20281617576
2090,203279.18139305126
1188,159239.82760287155
2345,281168.1091482764
1059,330486.99528771144
2751,229094.77098030984
128,190353.45728667313
1523,184617.71769124886
2925,175731.60450715755
2145,240762.3576120294
1121,200382.63446436485
566,246162.77406273255
565,219616.4580603784
1331,166181.44976250152
2928,168560.14327390035
156,140565.93436563533
797,151438.98392009744
327,111390.38505548713
2859,145989.55227014676
1453,129313.82028574917
1762,297247.6930987482
1868,241862.1746940457
1760,170240.21643275532
1113,275547.4389568548
1812,243543.43760136407
117,140260.97663399568
1142,184537.66395643595
2342,281634.2214276922
927,128109.11179638506
2478,183862.9848378117
655,104741.86822703372
2064,92814.42702935117
369,255571.9938494056
2239,157068.80405184388
2732,173095.18709924666
1653,142261.07968067753
959,190324.35044682302
2395,270837.33021054044
1412,139837.8217819644
271,192224.6692456746
1484,173020.59782436772
1497,158630.92960682165
552,179355.03646400437
2,98245.70748900894
1855,191357.20409858017
4,257950.15547408842
2292,158259.85012330682
134,114128.9460865404
646,134874.9132311592
42,299794.8126895603
532,201658.46599614393
713,147184.03637546077
2561,118878.95917689438
2360,135208.22993108263
1333,120778.75246822066
1407,182927.18469687388
2892,252189.98209592738
574,195022.92396481184
1227,216639.31788125876
2591,221847.61788850612
1476,196254.48013002973
1125,239718.64034839137
1446,113880.72439629385
408,110093.41681607912
1101,273016.66750647384
2251,230142.14889273958
373,205408.12634725694
2554,161089.6782685279
2382,231925.98783354112
1985,112100.90181134154
519,207168.10254043614
1093,199367.13778007962
864,247731.9975645474
2889,137647.42310583906
2308,160555.7732751151
986,145446.11270054782
1302,134269.68563898734
585,147480.05229978476
2708,150429.68667016795
147,118437.85757965602
1441,180637.0557345168
383,201984.12922587222
285,197187.77305686934
181,136720.3555595903
358,172178.2907102897
780,191422.86274134598
258,180649.16188412148
1865,201918.04463036108
692,127142.07461531174
2902,324869.41327842715
508,204010.6415233663
2638,136547.6591087453
36,165140.04406604203
611,153278.0918431473
2281,128912.44733603318
1678,145489.54773943443
1696,331069.09267023613
1557,106034.55675881264
2180,169972.99945246504
1726,205777.265267183
951,156823.0297590342
267,229218.78823881925
2706,146861.8736160126
2221,200888.760924172
1357,177020.88029633582
2901,255837.02821858952
347,181292.83569041043
2164,157135.48768546272
1586,268413.7405420826
360,187466.28107742206
1769,239055.18648820897
2617,150337.95522892044
1879,145640.36953390035
991,218170.43827692294
1535,131099.52480147211
1191,162907.57193722657
1579,204738.7336709874
1882,179422.39356439174
1510,135175.20146461093
2196,166176.0476273111
1845,168926.19982791602
2336,324501.711433517
942,90244.57614688064
861,113771.41159084896
2555,116556.16993266196
1392,183635.6602818491
2099,207312.35764127233
1543,143974.77409174602
948,220096.29127314073
1239,125580.478329961
22,165633.9871682274
2796,206500.18932383592
2747,190515.959886373
92,246740.21660015633
210,167608.32720036982
1858,181229.65930042966
2228,175792.69896484012
447,206887.23669134933
827,214487.93303736893
1649,238020.79438275768
682,128539.6323714494
2698,130779.9515418069
494,186099.49108828162
214,100689.16778147584
2441,233855.95053554678
2679,114458.53548396745
1336,115369.14186588909
465,225461.04537626632
1524,161638.3121869069
2543,119039.20244517407
631,139472.0148148858
2452,309802.8492813625
228,174136.28575491928
126,143523.35833898382
1092,195772.17127664693
1122,191155.9523972541
932,192179.61071293827
1980,141458.69613541468
2171,127114.80527781656
551,157760.29449907306
2768,157689.99047277085
2056,104043.36673231878
1159,429487.3445662002
2645,107577.28665962664
1174,239646.1652247427
2266,186587.66026854576
2462,318512.3654248934
1219,143845.2563672434
2922,167400.14683155372
118,133267.87511295587
474,158707.80605290973
2576,148469.3041119956
872,264596.22089582536
1077,176417.76704275922
1536,164705.39224263752
1150,139729.52274423826
2341,279247.2898034958
1931,167315.73428180296
2785,170825.19413714926
2538,115451.45684680222
597,203628.03714214577
464,230332.09367410484
233,165603.07473611707
2169,166074.86228674388
2123,193307.86806910334
1867,143508.99312976247
137,236808.01678286886
515,228736.56886403146
933,148011.16466031573
2784,148685.9816529778
972,194187.53572244343
599,168943.5383360975
2614,128117.95889275968
2582,132150.03877262914
1409,171878.98940001815
175,128902.74416105617
352,193768.77797464715
976,122211.3016815048
2134,181136.39911989504
984,170475.7979207621
2396,283301.61343077634
1673,180854.29570158897
404,133258.58237483446
607,158258.2732486095
814,175031.05910446533
868,210302.3437600697
2271,202537.76428745172
1633,206729.26467271548
337,181704.02424537484
2765,132367.05877868205
1746,240280.87384733712
368,272319.90195648937
2806,161078.57548695544
1662,155685.6308592624
1234,203290.49975522983
1373,139664.64150036505
1672,123090.10001755167
1939,154294.71551705946
